90003
90003
90003
90003
90003
90003
90003
90003
90003
90003
90003
90003
90003
90003
90003
90004
90004
90004
90004
90004
90004
90004
90004
90004
90004
90004
90004
90004
90004
90004
90004
90004
90004
90004
90004
90004
90004
90004
90004
90004
90004
90004
90004
90004
90004
90004
90004
90004
90004
90006
90006
90006
90006
90006
90006
90006
90006
90006
90006
90006
90006
90006
90006
90006
90008
90008
90008
90008
90008
90008
90008
90008
90008
90008
90008
90008
90008
90008
90008
90008
90008
90008
90008
90008
90008
90008
90008
90008
90008
90008
90008
90008
90008
90008
90008
90008
90008
90008
90008
90008
90008
90008
90008
90008
90008
90008
90008
90008
90010
90010
90010
90010
90010
90010
90010
90010
90010
90010
90010
90010
90010
90010
90010
90010
90010
90010
90010
90010
90010
90012
90012
90012
90012
90012
90012
90012
90012
90012
90012
90012
90012
90012
90012
90012
90012
90012
90012
90012
90012
90014
90014
90014
90014
90014
90014
90014
90014
90014
90014
90014
90014
90014
90014
90014
90014
90014
90016
90016
90016
90016
90016
90016
90016
90016
90016
90016
90016
90016
90016
90016
90016
90016
90016
90018
90018
90018
90018
90018
90018
90018
90018
90018
90018
90018
90018
90018
90018
90018
90018
90018
90018
90018
90018
90020
90020
90020
90020
90020
90020
90020
90020
90020
90020
90020
90020
90020
90020
90020
90022
90022
90022
90022
90022
90022
90022
90022
90022
90022
90022
90022
90022
90022
90022
90022
90022
90022
90022
90022
90022
90022
90022
90022
90022
90022
90022
90022
90022
90022
90022
90022
90022
90022
90022
90022
90022
90022
90022
90022
90022
90022
90022
90022
90022
90022
90022
90022
90022
90022
90022
90024
90024
90024
90024
90024
90024
90024
90024
90024
90024
90024
90024
90024
90024
90024
90024
90024
90024
90026
90026
90026
90026
90026
90026
90026
90026
90026
90026
90026
90026
90026
90026
90026
90026
90026
90026
90028
90028
90028
90028
90028
90028
90028
90028
90028
90028
90028
90028
90028
90028
90028
90028
90028
90028
90028
90028
90028
90028
90028
90028
90028
90028
90028
90028
90030
90030
90030
90030
90030
90030
90030
90030
90030
90030
90030
90030
90030
90030
90030
90030
90030
90030
90030
90030
90030
90030
90030
90030
90030
90030
90030
90030
90030
90030
90030
90030
90030
90030
90030
90030
90030
90030
90030
90030
90030
90030
90030
90030
90030
90032
90032
90032
90032
90032
90032
90032
90032
90032
90032
90032
90032
90032
90032
90032
90032
90032
90032
90032
90032
90032
90032
90032
90032
90032
90032
90032
90032
90032
90032
90032
90032
90032
90032
90032
90032
90032
90032
90032
90032
90032
90032
90032
90032
90032
90032
90032
90032
90032
90032
90032
90034
90034
90034
90034
90034
90034
90034
90034
90034
90034
90034
90034
90034
90034
90034
90034
90034
90034
90034
90036
90036
90036
90036
90036
90036
90036
90036
90036
90036
90036
90036
90036
90036
90036
90036
90036
90036
90036
90036
90036
90036
90038
90038
90038
90038
90038
90038
90038
90038
90038
90038
90038
90038
90038
90038
90038
90038
90038
90038
90038
90040
90040
90040
90040
90040
90040
90040
90040
90040
90040
90040
90040
90040
90040
90040
90040
90040
90040
90040
90040
90040
90040
90040
90040
90042
90042
90042
90042
90042
90042
90042
90042
90042
90042
90042
90042
90042
90042
90042
90042
90042
90042
90044
90044
90044
90044
90044
90044
90044
90044
90044
90044
90044
90044
90044
90044
90044
90044
90044
90044
90046
90046
90046
90046
90046
90046
90046
90046
90046
90046
90046
90046
90046
90046
90046
90046
90046
90046
90046
90048
90048
90048
90048
90048
90048
90048
90048
90048
90048
90048
90048
90048
90048
90048
90048
90048
90048
90048
90048
90048
90048
90048
90048
90048
90048
90048
90048
90048
90048
90048
90048
90048
90048
90048
90048
90048
90048
90048
90048
90048
90048
90048
90048
90050
90050
90050
90050
90050
90050
90050
90050
90050
90050
90050
90050
90050
90050
90050
90050
90050
90050
90050
90050
90052
90052
90052
90052
90052
90052
90052
90052
90052
90052
90052
90052
90052
90052
90052
90052
90052
90052
90052
90054
90054
90054
90054
90054
90054
90054
90054
90054
90054
90054
90054
90054
90054
90054
90054
90054
90054
90054
90054
90054
90054
90054
90054
90056
90056
90056
90056
90056
90056
90056
90056
90056
90056
90056
90056
90056
90056
90058
90058
90058
90058
90058
90058
90058
90058
90058
90058
90058
90058
90058
90058
90058
90058
90058
90058
90060
90060
90060
90060
90060
90060
90060
90060
90060
90060
90060
90060
90060
90060
90060
90060
90060
90060
90060
90060
90062
90062
90062
90062
90062
90062
90062
90062
90062
90062
90062
90062
90062
90062
90062
90062
90062
90062
90062
90062
90062
90062
90062
90064
90064
90064
90064
90064
90064
90064
90064
90064
90064
90064
90064
90064
90064
90064
90064
90064
90064
90064
90064
90066
90066
90066
90066
90066
90066
90066
90066
90066
90066
90066
90066
90066
90066
90066
90066
90066
90066
90066
90066
90066
90066
90066
90068
90068
90068
90068
90068
90068
90068
90068
90070
90070
90070
90070
90070
90070
90070
90070
90070
90070
90070
90070
90070
90070
90070
90070
90070
90070
90070
90070
90070
90070
90070
90070
90070
90070
90070
90070
90070
90070
90070
90070
90070
90070
90070
90070
90072
90072
90072
90072
90072
90072
90072
90072
90072
90072
90072
90072
90072
90072
90072
90072
90072
90072
90072
90074
90074
90074
90074
90074
90074
90074
90074
90074
90074
90074
90074
90074
90074
90074
90074
90074
90074
90074
90074
90074
90074
90074
90074
90074
90074
90074
90074
90074
90074
90074
90074
90074
90074
90074
90074
90074
90074
90074
90074
90074
90074
90074
90074
90074
90074
90074
90074
90076
90076
90076
90076
90076
90076
90076
90076
90076
90076
90076
90076
90076
90076
90076
90076
90076
90076
90076
90076
90076
90076
90076
90076
90076
90076
90076
90076
90076
90076
90076
90076
90076
90076
90078
90078
90078
90078
90078
90078
90078
90078
90078
90078
90078
90078
90078
90078
90078
90078
90080
90080
90080
90080
90080
90080
90080
90080
90080
90080
90080
90080
90080
90080
90080
90080
90080
90080
90080
90080
90082
90082
90082
90082
90082
90082
90082
90082
90082
90082
90082
90082
90082
90082
90082
90082
90082
90082
90082
90082
90082
90082
90082
90082
90082
90082
90082
90082
90082
90082
90082
90082
90082
90082
90082
90082
90082
90082
90082
90082
90082
90082
90082
90082
90082
90082
90086
90086
90086
90086
90086
90086
90086
90086
90086
90086
90086
90086
90086
90086
90086
90086
90086
90086
90088
90088
90088
90088
90088
90088
90088
90088
90088
90088
90088
90088
90088
90088
90088
90088
90088
90088
90090
90090
90090
90090
90090
90090
90090
90090
90090
90090
90090
90090
90090
90090
90090
90090
90090
90090
90090
90090
90090
90090
90090
90092
90092
90092
90092
90092
90092
90092
90092
90092
90092
90092
90092
90092
90092
90092
90092
90092
90094
90094
90094
90094
90094
90094
90094
90094
90094
90094
90094
90094
90096
90096
90096
90096
90096
90096
90096
90096
90096
90096
90096
90096
90096
90096
90096
90096
90096
90096
90096
90096
90096
90096
90096
90096
90096
90096
90096
90096
90096
90096
90096
90096
90096
90096
90096
90096
90096
90096
90096
90096
90096
90096
90096
90096
90096
90096
90096
90096
90096
90096
90098
90098
90098
90098
90098
90098
90098
90098
90098
90098
90098
90098
90098
90098
90098
90098
90098
90098
90098
90098
90098
90098
90098
90098
90098
90098
90098
90098
90098
90098
90098
90098
90098
90098
90098
90098
90098
90098
90098
90098
90098
90098
90098
90100
90100
90100
90100
90100
90100
90100
90100
90100
90100
90100
90100
90100
90100
90100
90100
90100
90100
90100
90100
90102
90102
90102
90102
90102
90102
90102
90102
90102
90104
90104
90104
90104
90104
90104
90104
90104
90104
90104
90104
90104
90104
90104
90104
90104
90104
90104
90104
90104
90104
90104
90104
90104
90104
90104
90104
90104
90104
90104
90104
90104
90104
90104
90104
90104
90104
90104
90104
90106
90106
90106
90106
90106
90106
90106
90106
90106
90108
90108
90108
90108
90108
90108
90108
90108
90108
90108
90108
90108
90110
90110
90110
90110
90110
90110
90110
90110
90110
90110
90110
90112
90112
90112
90112
90112
90112
90112
90112
90112
90112
90112
90112
90114
90114
90114
90114
90114
90114
90114
90114
90114
90114
90114
90114
90114
90114
90114
90114
90114
90114
90114
90114
90114
90114
90114
90114
90114
90114
90114
90114
90114
90114
90114
90114
90114
90114
90114
90116
90116
90116
90116
90116
90116
90116
90116
90116
90116
90116
90116
90118
90118
90118
90118
90118
90118
90118
90118
90118
90118
90118
90118
90118
90118
90118
90118
90120
90120
90120
90120
90120
90120
90120
90120
90120
90122
90122
90122
90122
90122
90122
90122
90122
90122
90122
90122
90122
90124
90124
90124
90124
90124
90124
90124
90124
90124
90124
90124
90124
90124
90124
90124
90124
90126
90126
90126
90126
90126
90126
90126
90126
90126
90126
90126
90126
90126
90126
90126
90126
90126
90126
90126
90126
90126
90126
90126
90126
90126
90126
90126
90126
90126
90126
90126
90126
90126
90126
90126
90126
90126
90126
90126
90128
90128
90128
90128
90128
90128
90128
90128
90128
90128
90128
90128
90130
90130
90130
90130
90130
90130
90130
90130
90130
90130
90130
90130
90130
90130
90130
90130
90130
90130
90130
90130
90130
90130
90130
90130
90130
90130
90130
90130
90130
90130
90130
90130
90130
90130
90130
90130
90132
90132
90132
90132
90132
90132
90132
90132
90132
90132
90132
90132
90132
90132
90132
90132
90132
90132
90132
90132
90132
90132
90132
90132
90132
90132
90132
90132
90132
90132
90132
90132
90132
90132
90132
90132
90134
90134
90134
90134
90134
90134
90134
90134
90134
90134
90134
90134
90136
90136
90136
90136
90136
90136
90136
90136
90136
90136
90136
90136
90138
90138
90138
90138
90138
90138
90138
90138
90138
90138
90138
90138
90138
90138
90138
90138
90138
90138
90138
90138
90138
90138
90138
90138
90138
90138
90138
90138
90138
90138
90138
90138
90138
90138
90138
90138
90138
90138
90138
90138
90138
90138
90138
90138
90140
90140
90140
90140
90140
90140
90140
90140
90140
90140
90140
90140
90140
90140
90140
90140
90140
90140
90140
90140
90140
90140
90140
90142
90142
90142
90142
90142
90142
90142
90142
90142
90142
90142
90142
90142
90142
90142
90142
90142
90142
90142
90142
90142
90142
90142
90142
90144
90144
90144
90144
90144
90144
90144
90144
90144
90144
90144
90144
90144
90144
90144
90144
90144
90144
90144
90144
90144
90144
90144
90144
90146
90146
90146
90146
90146
90146
90146
90146
90146
90146
90146
90146
90146
90146
90146
90146
90146
90146
90146
90146
90148
90148
90148
90148
90148
90148
90148
90148
90148
90148
90148
90148
90148
90148
90148
90148
90148
90148
90148
90148
90148
90148
90148
90148
90150
90150
90150
90150
90150
90150
90150
90150
90150
90150
90150
90150
90150
90150
90150
90150
90150
90150
90150
90152
90152
90152
90152
90152
90152
90152
90152
90152
90152
90152
90152
90152
90152
90152
90152
90152
90152
90152
90152
90154
90154
90154
90154
90154
90154
90154
90154
90154
90154
90154
90154
90154
90154
90154
90154
90154
90154
90154
90154
90154
90154
90156
90156
90156
90156
90156
90156
90156
90156
90156
90156
90156
90156
90156
90156
90156
90156
90156
90156
90156
90156
90156
90156
90156
90156
90161
90161
90161
90161
90161
90161
90161
90161
90161
90161
90161
90161
90161
90161
90161
90161
90161
90161
90161
90161
90161
90161
90161
90161
90161
90161
90161
90161
90164
90164
90164
90164
90164
90164
90164
90164
90164
90164
90164
90164
90164
90164
90164
90164
90164
90164
90164
90164
90164
90164
90164
90164
90164
90164
90170
90170
90170
90170
90170
90170
90170
90170
90170
90170
90170
90170
90170
90170
90170
90170
90170
90170
90170
90170
90170
90170
90170
90170
90172
90172
90172
90172
90172
90172
90172
90172
90172
90172
90172
90172
90172
90172
90172
90172
90172
90172
90172
90172
90172
90172
90172
90172
90174
90174
90174
90174
90174
90174
90174
90174
90174
90174
90174
90174
90174
90174
90174
90174
90174
90174
90174
90174
90174
90174
90174
90174
90174
90176
90176
90176
90176
90176
90176
90176
90176
90176
90176
90176
90176
90182
90182
90182
90182
90182
90182
90182
90182
90182
90182
90182
90182
90182
90182
90182
90182
90182
90182
90182
90182
90182
90182
90182
90182
90182
90182
90182
90182
90184
90184
90184
90184
90184
90184
90184
90184
90184
90184
90184
90184
90184
90184
90184
90184
90184
90184
90184
90184
90184
90184
90190
90190
90190
90190
90190
90190
90190
90190
90190
90190
90190
90190
90190
90190
90190
90190
90190
90190
90190
90190
90190
90190
90190
90190
90190
90190
90196
90196
90196
90196
90196
90196
90196
90196
90196
90196
90196
90196
90196
90196
90196
90196
90196
90196
90196
90196
90196
90196
90196
90196
90196
90196
90198
90198
90198
90198
90198
90198
90198
90198
90198
90198
90198
90198
90198
90198
90198
90198
90198
90198
90198
90198
90198
90198
90198
90198
90200
90200
90200
90200
90200
90200
90200
90200
90200
90200
90200
90200
90200
90200
90200
90200
90200
90200
90200
90200
90200
90200
90200
90200
90202
90202
90202
90202
90202
90202
90202
90202
90202
90202
90202
90202
90202
90202
90202
90202
90202
90202
90202
90202
90202
90202
90202
90202
90206
90206
90206
90206
90206
90206
90206
90206
90206
90206
90206
90206
90206
90206
90206
90206
90206
90206
90206
90206
90208
90208
90208
90208
90208
90208
90208
90208
90208
90208
90208
90208
90208
90208
90208
90208
90208
90208
90208
90208
90208
90208
90208
90208
90208
90208
90216
90216
90216
90216
90216
90216
90216
90216
90216
90216
90216
90216
90216
90216
90216
90216
90216
90216
90216
90216
90216
90216
90218
90218
90218
90218
90218
90218
90218
90218
90218
90218
90218
90218
90218
90218
90218
90218
90218
90218
90218
90218
90218
90218
90218
90218
90218
90218
90218
90218
90218
90218
90220
90220
90220
90220
90220
90220
90220
90220
90220
90220
90220
90220
90220
90220
90220
90220
90220
90220
90220
90220
90220
90220
90220
90220
90220
90220
90220
90220
90222
90222
90222
90222
90222
90222
90222
90222
90222
90222
90222
90222
90222
90222
90222
90222
90222
90222
90222
90222
90222
90222
90224
90224
90224
90224
90224
90224
90224
90224
90224
90224
90224
90224
90224
90224
90224
90224
90224
90224
90224
90224
90224
90224
90224
90224
90224
90224
90224
90224
90228
90228
90228
90228
90228
90228
90228
90228
90228
90228
90228
90228
90228
90228
90228
90228
90228
90228
90228
90228
90228
90228
90228
90228
90228
90228
90228
90230
90230
90230
90230
90230
90230
90230
90230
90230
90230
90230
90230
90230
90230
90230
90230
90230
90230
90230
90230
90230
90230
90230
90230
90230
90230
90230
90230
90236
90236
90236
90236
90236
90236
90236
90236
90236
90236
90236
90236
90236
90236
90236
90236
90236
90236
90236
90236
90236
90236
90236
90236
90236
90236
90236
90236
90238
90238
90238
90238
90238
90238
90238
90238
90238
90238
90238
90238
90238
90238
90238
90238
90238
90238
90238
90238
90238
90238
90238
90238
90242
90242
90242
90242
90242
90242
90242
90242
90242
90242
90242
90242
90242
90242
90242
90242
90242
90242
90242
90242
90242
90242
90242
90242
90244
90244
90244
90244
90244
90244
90244
90244
90244
90244
90244
90244
90244
90244
90244
90248
90248
90248
90248
90248
90248
90248
90248
90248
90248
90248
90248
90248
90248
90248
90248
90248
90248
90248
90248
90248
90248
90248
90248
90248
90248
90248
90248
90248
90248
90248
90250
90250
90250
90250
90250
90250
90250
90250
90250
90250
90250
90250
90250
90250
90250
90250
90250
90250
90250
90250
90250
90252
90252
90252
90252
90252
90252
90252
90252
90252
90252
90252
90252
90252
90252
90252
90252
90252
90252
90252
90252
90252
90252
90252
90252
90252
90252
90252
90252
90254
90254
90254
90254
90254
90254
90254
90254
90254
90254
90254
90254
90254
90254
90254
90254
90254
90254
90254
90254
90254
90254
90254
90254
90256
90256
90256
90256
90256
90256
90256
90256
90256
90256
90256
90256
90256
90256
90256
90256
90256
90256
90256
90256
90256
90256
90256
90256
90258
90258
90258
90258
90258
90258
90258
90258
90258
90258
90258
90258
90258
90258
90258
90258
90258
90258
90258
90258
90258
90258
90258
90258
90258
90258
90258
90258
90260
90260
90260
90260
90260
90260
90260
90260
90260
90260
90260
90260
90260
90260
90260
90260
90260
90260
90260
90262
90262
90264
90264
90264
90264
90264
90264
90264
90264
90264
90264
90264
90264
90264
90264
90264
90264
90264
90264
90264
90264
90264
90264
90266
90266
90266
90266
90266
90266
90266
90266
90266
90266
90266
90266
90266
90266
90266
90266
90266
90266
90266
90266
90266
90266
90266
90268
90268
90268
90268
90268
90268
90268
90268
90268
90268
90268
90268
90268
90268
90268
90268
90268
90268
90268
90268
90270
90270
90270
90270
90270
90270
90270
90270
