90003
90004
90006
90008
90010
90012
90014
90016
90018
90020
90022
90024
90026
90028
90030
90032
90034
90036
90038
90040
90042
90044
90046
90048
90050
90052
90054
90058
90060
90064
90068
90072
90076
90078
90080
90086
90088
90092
90096
90098
90102
90106
90110
90114
90120
90132
90146
90148
90150
90152
90154
90164
90172
90206
90252
90256
90260
90268
90272
90274
90276
90278
90280
90282
90284
90286
90288
90290
90292
90294
90296
90298
90300
90302
90304
90306
90308
90310
90312
90314
90316
90318
90320
90322
90324
90326
90328
90330
